# @D(90,,)|(180.0,,)|UCF_32|UCERF3||(10.1999998092651,,)|"San Andreas (Parkfield)"|(30.54,23.16,43.26)|Dextral|(0.0,,)|||||||||||||
-120.300046 35.751982
-120.56089 36.002647

# @D(90,,)|(180.0,,)|UCF_282|UCERF3||(12.8000001907348,,)|"San Andreas (San Bernardino N)"|(16.98,9.23,24.59)|Dextral|(0.0,,)|||||||||||||
-117.549 34.3163
-117.451 34.2709
-117.388692 34.232843
-117.274161 34.173137
-117.222023 34.150027

# @D(90,,)|(180.0,,)|UCF_283|UCERF3||(12.8000001907348,,)|"San Andreas (San Bernardino S)"|(12.28,9.19,15.2)|Dextral|(0.0,,)|||||||||||||
-117.222023 34.150027
-117.067674 34.092795
-117.0139 34.073768
-116.90235 34.033837
-116.873541 34.011347
-116.819795 33.959114

# @D(90,,)|(180.0,,)|UCF_285|UCERF3||(12.0,,)|"San Andreas (Cholame) rev"|(23.0,15.84,31.64)||(0.0,,)|||||||||||||
-119.865953 35.314166
-119.970299 35.413909
-120.086757 35.533307
-120.300046 35.751982

# @D(90,,)|(180.0,,)|UCF_286|UCERF3||(15.1000003814697,,)|"San Andreas (Mojave N)"|(25.33,15.11,36.08)|Dextral|(0.0,,)|||||||||||||
-118.890122 34.807599
-118.887642 34.807221
-118.767314 34.773248
-118.508948 34.698495

# @D(90,,)|(180.0,,)|UCF_287|UCERF3||(15.1000003814697,,)|"San Andreas (Big Bend)"|(23.09,13.86,32.43)|Dextral|(0.0,,)|||||||||||||
-119.402865 34.94406
-119.362861 34.915714
-119.21 34.8639
-119.030091 34.828957
-118.890122 34.807599

# @D(76,,)|(180.0,,)|UCF_294|UCERF3|S|(18.2000007629394,,)|"San Andreas (North Branch Mill Creek)"|(1.85,1.37,2.68)|Dextral|(0.0,,)|||||||||||||
-117.270207 34.171718
-117.222023 34.150027
-117.14295 34.134071
-117.084949 34.117338
-116.997473 34.098139
-116.939391 34.084453
-116.839872 34.074855
-116.751149 34.063181
-116.651113 34.034248
-116.562256 34.002651
-116.515888 33.971841
-116.466477 33.933125
-116.422437 33.90582
-116.315976 33.844032
-116.24629 33.78825

# @D(90,,)|(180.0,,)|UCF_300|UCERF3||(15.1000003814697,,)|"San Andreas (Carrizo) rev"|(25.55,16.38,33.66)|Dextral|(0.0,,)|||||||||||||
-119.8659 35.3142
-119.7068 35.1607
-119.5583 35.0475
-119.4711 34.9878
-119.4029 34.9441

# @D(90,,)|(180.0,,)|UCF_301|UCERF3||(13.1000003814697,,)|"San Andreas (Mojave S)"|(24.85,16.0,33.91)|Dextral|(0.0,,)|||||||||||||
-118.508948 34.698495
-118.103936 34.547849
-117.753579 34.402927
-117.549 34.3163

# @D(90,,)|(180.0,,)|UCF_653|UCERF3||(11.0,,)|"San Andreas (Offshore) 2011 CFM"|(16.96,7.16,24.42)|Dextral|(0.0,,)|||||||||||||
-123.79545 39.14784
-123.81909 39.20339
-123.85536 39.28352
-123.86533 39.3291
-123.90591 39.39779
-123.92999 39.48017
-123.94736 39.53142
-123.962 39.64229
-123.99692 39.73711
-124.01806 39.83372
-124.0403 39.92449
-124.08612 40.01099
-124.15413 40.08725
-124.25098 40.15296
-124.34336 40.20667

# @D(90,,)|(180.0,,)|UCF_654|UCERF3||(11.0,,)|"San Andreas (North Coast) 2011 CFM"|(17.96,13.2,22.88)|Dextral|(0.0,,)|||||||||||||
-122.66515 37.89651
-122.70197 37.9354
-122.77521 38.02445
-122.84895 38.09768
-122.89467 38.14614
-122.9683 38.22641
-123.0007 38.26875
-123.07988 38.36727
-123.11884 38.40803
-123.21689 38.49986
-123.26219 38.54419
-123.31036 38.59103
-123.36404 38.64567
-123.43288 38.71626
-123.48366 38.76575
-123.52247 38.8078
-123.59011 38.87964
-123.6909 39.00072
-123.7299 39.04879
-123.79545 39.14784

# @D(90,,)|(180.0,,)|UCF_655|UCERF3||(13.0,,)|"San Andreas (Peninsula) 2011 CFM"|(15.15,10.49,19.18)|Dextral|(0.0,,)|||||||||||||
-122.00197 37.17514
-122.05407 37.22235
-122.11594 37.27902
-122.16575 37.31659
-122.20213 37.35174
-122.26628 37.42341
-122.35596 37.51492
-122.44534 37.62354
-122.50232 37.67787
-122.54528 37.72311
-122.61984 37.83078
-122.66515 37.89651

# @D(79,,)|(180.0,,)|UCF_657|UCERF3||(15.0,,)|"San Andreas (Santa Cruz Mts) 2011 CFM"|(18.59,12.72,23.11)|Dextral|(0.0,,)|||||||||||||
-122.00197 37.17514
-121.97604 37.15797
-121.88688 37.09443
-121.81994 37.05752
-121.7641 37.02349
-121.73022 36.98707
-121.66466 36.93344
-121.61674 36.90468
-121.52059 36.8348
-121.47635 36.80405

# @D(90,,)|(180.0,,)|UCF_658|UCERF3||(12.0,,)|"San Andreas (Creeping Section) 2011 CFM"|(18.66,11.34,26.61)|Dextral|(0.0,,)|||||||||||||
-120.56133 36.00264
-120.66954 36.10514
-120.73885 36.16257
-120.82808 36.24267
-120.88991 36.30519
-121.00091 36.41619
-121.08632 36.50079
-121.16568 36.57409
-121.20964 36.61081
-121.30703 36.69336
-121.37001 36.7393
-121.47635 36.80405

