['BWOD' 'MIDAS5' 2010.3299 2011.3539 1.024 335 20 20 -0.019948 -0.002581
 -3e-06 0.002482 0.001818 0.002233 -777.9604 4202918.16 -2.1539 0.1 0.0
 0.4 0.001401 0.001081 0.001029 0 37.9587385396 -121.7088524912 -2.15391]
['CAFT' 'MIDAS5' 2018.0671 2023.6988 5.6317 2053 1849 2646 -0.031776
 0.012238 0.00079 0.000374 0.000303 0.00106 -2195.1075 4148667.418
 -13.0001 0.039 0.052 0.05 0.00251 0.002018 0.007067 1 37.469954198
 -121.9248155436 -12.99788]
['CAP4' 'MIDAS5' 2015.436 2023.6988 8.2628 2661 2661 3975 -0.023839
 -0.002827 -0.001144 0.000359 0.000301 0.000848 2851.0784 4144269.4398
 -4.6405 0.15 0.072 0.045 0.002773 0.002434 0.006948 1 37.4303273693
 -121.0677883415 -4.64474]
['CAPL' 'MIDAS5' 2010.3819 2023.6988 13.3169 4297 4295 6758 -0.025656
 0.001911 -0.001084 0.000245 0.000288 0.000709 -142.5858 4173708.1716
 78.7297 0.048 0.084 0.043 0.002613 0.003013 0.007584 2 37.6955695574
 -121.9016188943 78.7224]
['CNDR' 'MIDAS5' 1999.2882 2006.1656 6.8774 1944 1606 2291 -0.023839
 -0.003433 -0.002523 0.000568 0.000375 0.001541 1891.5968 4195999.5019
 -20.7238 0.045 0.044 0.045 0.003533 0.002337 0.009583 2 37.8964054559
 -121.2784946874 -20.73029]
['CROW' 'MIDAS5' 2005.5715 2024.1862 18.6147 6161 5871 9417 -0.022375
 -0.002841 -0.001617 0.000182 0.000141 0.000527 -51.2773 4144568.2578
 3.8554 0.058 0.083 0.055 0.002278 0.001738 0.006605 3 37.4330196452
 -121.1005814318 3.84494]
['CSJB' 'MIDAS5' 2010.3819 2023.6988 13.3169 4172 4170 6622 -0.031694
 0.012779 0.003272 0.000202 0.000182 0.001372 3558.6142 4131912.3104
 19.4168 0.063 0.051 0.027 0.002113 0.001919 0.014641 2 37.3189874398
 -121.8598551109 19.44067]
['CYTE' 'MIDAS5' 2005.462 2024.1862 18.7242 6107 5740 9406 -0.032207
 0.011674 -0.000336 0.000188 0.000189 0.000426 -1239.2043 4119096.8541
 82.7033 0.083 0.057 0.056 0.002328 0.002362 0.005344 3 37.2035147372
 -121.7139620734 82.70051]
['DIAB' 'MIDAS5' 1998.3984 2023.8768 25.4784 9086 8009 12251 -0.023673
 9e-06 0.001036 0.000166 0.000163 0.000493 -1374.7088 4194020.4587
 990.2593 0.063 0.054 0.076 0.002361 0.00234 0.006979 8 37.8785754276
 -121.9156293186 990.27183]
['DUBP' 'MIDAS5' 2012.2875 2022.4832 10.1957 3222 3142 4313 -0.026532
 0.003547 0.002226 0.000349 0.000816 0.000823 3954.9418 4177265.9002
 202.7308 0.052 0.056 0.04 0.002969 0.006927 0.007046 3 37.7276237282
 -121.8551385144 202.74145]
['LEIC' 'MIDAS5' 2007.5455 2008.5667 1.0212 273 17 17 -0.02659 0.003387
 0.006323 0.001478 0.001924 0.005603 2757.1354 4182544.4657 120.8472 0.118
 0.0 0.118 0.000761 0.001055 0.002886 0 37.7751817861 -121.9687047367
 120.85228]
['LIVM' 'MIDAS5' 2010.3299 2019.6578 9.3279 574 20 20 -0.022046 0.000536
 -0.005801 0.003163 0.002104 0.009413 -182.5699 4174528.2469 159.351 0.0
 0.1 0.0 0.001881 0.001187 0.005598 2 37.7029580829 -121.7020704201
 159.34882]
['LUTZ' 'MIDAS5' 1996.3806 2024.1862 27.8056 9125 8359 12663 -0.031571
 0.012707 -0.000209 0.000149 0.00014 0.000444 3083.9679 4128345.6961
 94.9713 0.061 0.074 0.061 0.002165 0.002021 0.006436 10 37.2868519346
 -121.8652277658 94.9679]
['MHC2' 'MIDAS5' 2022.6119 2024.1862 1.5743 575 421 421 -0.023521
 -0.000634 -0.003549 0.000743 0.00077 0.002131 -3773.3261 4134414.5729
 1261.8994 0.024 0.048 0.062 0.002003 0.00205 0.005631 0 37.3415327857
 -121.6425828224 1261.89611]
['MHCB' 'MIDAS5' 1996.4545 2022.7296 26.2751 9471 8952 13212 -0.023708
 0.000329 0.001113 0.000167 0.000155 0.000381 -3772.6996 4134414.5533
 1261.7509 0.083 0.053 0.049 0.002444 0.002304 0.005678 9 37.3415326445
 -121.6425790224 1261.76612]
['MILP' 'MIDAS5' 2012.2875 2024.1862 11.8987 4088 4086 6136 -0.028343
 0.00605 -0.000509 0.000207 0.0002 0.000672 -3015.7452 4146346.3407
 336.2806 0.052 0.048 0.049 0.002099 0.002033 0.006833 2 37.449040967
 -121.834083613 336.27765]
['MONB' 'MIDAS5' 1998.5818 2022.0835 23.5017 8119 6996 10516 -0.027576
 0.005111 -0.000283 0.000189 0.000142 0.000439 2930.7429 4150373.4627
 750.3629 0.054 0.06 0.092 0.002501 0.001875 0.005705 9 37.4853259831
 -121.8668663707 750.3605]
['MSHP' 'MIDAS5' 2012.2875 2020.6242 8.3367 2849 2448 2924 -0.027132
 0.005973 0.00092 0.000313 0.00028 0.000891 -2199.4272 4158253.2957
 172.2035 0.051 0.047 0.069 0.00219 0.001967 0.006184 3 37.5563232215
 -121.9248931919 172.20733]
['MTPK' 'MIDAS5' 2022.1164 2024.1862 2.0698 753 753 780 -0.026427 0.004163
 -0.004434 0.000542 0.000476 0.001343 2930.1275 4150373.8061 750.8998
 0.072 0.068 0.072 0.001938 0.001705 0.004804 0 37.4853286101
 -121.8668700654 750.89494]
['MTWK' 'MIDAS5' 2019.9014 2024.1862 4.2848 1405 1405 2208 -0.02413
 -0.002441 -0.003793 0.000392 0.000311 0.001368 1361.7065 4182857.8715
 -13.9389 0.052 0.062 0.064 0.002384 0.00188 0.008271 0 37.7780054033
 -121.1845436026 -13.94567]
['ORE2' 'MIDAS5' 2018.13 2024.1068 5.9768 1686 1249 1833 -0.030174
 -0.027637 -0.005101 0.000894 0.005749 0.002218 4251.3574 4147544.3152
 601.3029 0.256 0.279 0.278 0.004391 0.027796 0.010733 2 37.4598338277
 -121.7519482787 601.28959]
['ORE3' 'MIDAS5' 2018.1492 2024.167 6.0178 2075 1893 2863 -0.044026
 -0.027809 -0.008887 0.001393 0.002341 0.00154 4351.3357 4147731.5127
 661.9254 0.315 0.318 0.316 0.008203 0.013758 0.009064 1 37.4615204256
 -121.7508177459 661.89682]
['OREO' 'MIDAS5' 2016.0684 2024.167 8.0986 2950 2949 4439 -0.049668
 -0.033376 -0.005494 0.002736 0.004016 0.001624 4313.3565 4147636.4333
 640.2425 0.368 0.368 0.139 0.01928 0.028294 0.013351 1 37.4606631993
 -121.7512483885 640.21181]
['P213' 'MIDAS5' 2005.4045 2024.1013 18.6968 6691 6428 10556 -0.033804
 0.016493 -0.000419 0.000171 0.000139 0.000481 813.5865 4118896.8581
 167.0976 0.051 0.054 0.058 0.00228 0.001853 0.006374 4 37.2017131313
 -121.9908389031 167.09393]
['P214' 'MIDAS5' 2007.7153 2024.1013 16.386 5827 5524 8149 -0.036685
 0.018717 -0.001004 0.000206 0.000186 0.000863 305.4446 4096624.1085
 73.2724 0.051 0.052 0.049 0.002412 0.002175 0.010101 4 37.0010207356
 -121.7965716702 73.26449]
['P215' 'MIDAS5' 2007.2635 2024.1068 16.8433 6047 5552 8743 -0.034602
 0.015307 -0.000664 0.000196 0.000181 0.000559 3295.8401 4101924.9866
 708.6125 0.064 0.067 0.082 0.002361 0.002171 0.00666 4 37.0487854934
 -121.7629524913 708.60726]
['P216' 'MIDAS5' 2007.2197 2024.1068 16.8871 6145 6143 10120 -0.035021
 0.016248 -0.000111 0.00017 0.000147 0.000478 -2332.6425 4096780.1278
 336.916 0.064 0.069 0.07 0.002203 0.001893 0.006159 2 37.0024264921
 -121.7262102033 336.91511]
['P217' 'MIDAS5' 2005.2457 2024.1068 18.8611 6846 6675 10469 -0.032078
 0.011684 0.000129 0.000168 0.000151 0.000497 4388.3692 4108107.8578
 72.288 0.061 0.068 0.063 0.00222 0.001984 0.006549 5 37.1044975085
 -121.6506346951 72.28924]
['P226' 'MIDAS5' 2006.3956 2024.1013 17.7057 6265 6130 9066 -0.031801
 0.012705 -0.000576 0.000302 0.000187 0.000684 -2267.2598 4133886.5477
 5.0678 0.024 0.049 0.037 0.003771 0.002311 0.008501 4 37.3367760988
 -121.8255879097 5.06231]
['P227' 'MIDAS5' 2006.13 2024.1013 17.9713 6473 6346 10111 -0.02437
 0.001431 0.000508 0.000161 0.000164 0.000424 919.4892 4155661.8706
 707.4244 0.057 0.102 0.06 0.002087 0.002074 0.005494 3 37.5329743756
 -121.7895993416 707.42877]
['P228' 'MIDAS5' 2005.8645 2024.1068 18.2423 6542 6414 10222 -0.023477
 -0.000276 0.000936 0.00017 0.000152 0.000483 1153.6202 4163304.6885
 399.0098 0.058 0.107 0.06 0.002213 0.001927 0.006297 3 37.601835727
 -121.6869383419 399.01799]
['P229' 'MIDAS5' 2005.2101 2024.1013 18.8912 6660 6443 10429 -0.026465
 0.004234 0.000284 0.000176 0.000155 0.000435 1942.8023 4179686.7694
 289.3232 0.055 0.06 0.051 0.002325 0.002035 0.005752 4 37.7494352475
 -121.9779582415 289.32585]
['P230' 'MIDAS5' 2005.1581 2024.1068 18.9487 6823 6586 10553 -0.02308
 -0.002099 0.000533 0.000208 0.000168 0.000478 1197.5397 4187404.0155
 647.9885 0.065 0.085 0.091 0.002749 0.0022 0.00622 4 37.8189642164
 -121.786401477 647.99369]
['P240' 'MIDAS5' 2005.4018 2021.3498 15.948 5553 5474 8891 -0.031721
 0.011249 -0.00011 0.00018 0.000177 0.000443 -3740.961 4097377.284 25.7396
 0.049 0.051 0.058 0.002199 0.00216 0.005386 3 37.0078069515
 -121.5420348648 25.7388]
['P241' 'MIDAS5' 2007.3785 2024.1013 16.7228 5874 5861 8945 -0.025061
 0.000847 -8.1e-05 0.000189 0.000147 0.000462 2284.7941 4120150.834
 834.2273 0.039 0.051 0.042 0.002332 0.001803 0.005684 3 37.2130108328
 -121.5742617746 834.22666]
['P244' 'MIDAS5' 2005.8782 2024.1068 18.2286 6572 5899 9464 -0.02508
 -0.001532 0.001639 0.000175 0.00015 0.000528 4047.9707 4097712.1378
 58.6997 0.065 0.059 0.066 0.002191 0.001885 0.006602 5 37.0108233314
 -121.3545188869 58.71293]
['P248' 'MIDAS5' 2007.7207 2024.1013 16.3806 5865 5475 8877 -0.023175
 -0.001317 -1.9e-05 0.000177 0.000148 0.000521 2750.3029 4204790.6284
 229.8111 0.05 0.066 0.049 0.00216 0.001796 0.006368 4 37.975608167
 -121.8686993945 229.81097]
['P252' 'MIDAS5' 2005.8645 2024.1013 18.2368 6412 6410 10878 -0.023108
 -0.002671 0.001342 0.000154 0.000137 0.000513 3754.2545 4115328.1182
 40.1404 0.045 0.047 0.046 0.002082 0.001858 0.006948 2 37.1695553152
 -121.0577311523 40.15198]
['P253' 'MIDAS5' 2007.2991 2024.1013 16.8022 6022 6020 9964 -0.023993
 -0.000337 0.000397 0.000168 0.000155 0.000474 4156.3485 4149610.3341
 1065.0587 0.044 0.057 0.05 0.002183 0.002001 0.00613 2 37.4784495954
 -121.6530117385 1065.06187]
['P254' 'MIDAS5' 2007.3183 2023.6496 16.3313 5839 5837 9542 -0.023132
 -0.00187 0.000568 0.000169 0.000157 0.000449 2724.2857 4150851.4628
 1076.1813 0.053 0.056 0.053 0.002136 0.001987 0.005674 2 37.4896321624
 -121.4691975024 1076.18549]
['P255' 'MIDAS5' 2006.2642 2024.1013 17.8371 6392 6390 10704 -0.022938
 -0.002133 0.000427 0.000148 0.000136 0.000488 -2195.1937 4161090.3719
 73.5192 0.049 0.054 0.052 0.00199 0.001814 0.006529 2 37.5818847589
 -121.3248547996 73.52261]
['P256' 'MIDAS5' 2005.2074 2024.1013 18.8939 6712 6313 10438 -0.022963
 -0.002824 -0.001111 0.000153 0.000129 0.000457 -425.3972 4199946.3392
 -30.6949 0.04 0.051 0.051 0.002042 0.00171 0.006045 5 37.9319640566
 -121.6048412012 -30.70486]
['P257' 'MIDAS5' 2005.8919 2021.9411 16.0492 5809 5807 9472 -0.023255
 -0.002463 0.000161 0.000166 0.000166 0.000489 3169.4026 4180336.6993
 -24.6948 0.046 0.049 0.052 0.002095 0.002099 0.00616 2 37.7552903808
 -121.4640366401 -24.69361]
['P258' 'MIDAS5' 2007.2799 2024.1013 16.8214 6030 6026 8516 -0.023187
 -0.002608 0.000837 0.000222 0.000163 0.000531 1481.4553 4139281.933
 390.8002 0.048 0.064 0.049 0.002662 0.001933 0.006357 4 37.3853888186
 -121.2832739669 390.8068]
['P260' 'MIDAS5' 2005.5551 2007.9288 2.3737 848 848 986 -0.023074
 -0.003534 1.1e-05 0.000443 0.000399 0.001181 1415.0777 4175445.3625
 -9.0192 0.038 0.049 0.049 0.001813 0.001625 0.004811 0 37.7112210198
 -121.0839519405 -9.01922]
['P781' 'MIDAS5' 2008.5394 2014.3984 5.859 2135 2133 2808 -0.023251
 -0.003586 0.000302 0.000272 0.000235 0.000876 2508.3729 4174086.9156
 -9.7422 0.04 0.047 0.045 0.001881 0.001618 0.006031 1 37.698981699
 -121.0715580218 -9.74136]
['RJAB' 'MIDAS5' 2007.5455 2023.6988 16.1533 4919 4918 7984 -0.031456
 0.011822 -0.000842 0.000188 0.00018 0.000466 3487.3983 4098567.7257
 34.7623 0.065 0.056 0.063 0.002162 0.002074 0.00536 2 37.0185339368
 -121.5608145007 34.75491]
['S300' 'MIDAS5' 1999.3457 2024.1862 24.8405 7946 7572 11968 -0.0231
 -0.00212 0.000305 0.000168 0.000138 0.000464 3682.1319 4170482.5782
 495.742 0.062 0.058 0.053 0.002361 0.001951 0.006573 6 37.6665072073
 -121.5582698554 495.74696]
['SACL' 'MIDAS5' 2010.3299 2011.3511 1.0212 268 18 18 -0.031198 0.012641
 -0.000725 0.001816 0.002815 0.008738 1500.665 4138669.6028 -16.0494 0.222
 0.0 0.0 0.000904 0.001588 0.00493 0 37.3798718347 -121.9830563252
 -16.0493]
['SEI2' 'MIDAS5' 2009.1636 2018.7652 9.6016 2985 2984 4716 -0.023055
 -0.003343 -0.004978 0.000218 0.000199 0.000667 4014.3801 4205479.122
 -20.3787 0.047 0.052 0.072 0.001945 0.001767 0.005866 1 37.9818109774
 -121.3543076496 -20.4021]
['SEIB' 'MIDAS5' 2007.5127 2008.9555 1.4428 379 255 255 -0.020416
 -0.003576 -0.002223 0.000789 0.000799 0.002797 929.7152 4206330.8136
 -17.1858 0.067 0.086 0.059 0.001619 0.001621 0.005763 0 37.9894842694
 -121.2894165048 -17.18738]
['SOD2' 'MIDAS5' 2020.0602 2022.9295 2.8693 1048 1048 1367 -0.034949
 0.016163 0.001543 0.000463 0.000541 0.000918 -2267.0015 4114978.6385
 986.816 0.044 0.045 0.07 0.002227 0.002597 0.004354 0 37.1664067493
 -121.9255248722 986.81789]
['SODB' 'MIDAS5' 1999.4004 2020.0329 20.6325 6388 5585 7994 -0.033152
 0.015199 -0.001956 0.000209 0.000204 0.000749 -2266.2919 4114978.3025
 985.5816 0.084 0.064 0.048 0.002379 0.00235 0.00869 9 37.1664047947
 -121.9255198793 985.56538]
['STCK' 'MIDAS5' 2010.3299 2011.3511 1.0212 293 15 15 -0.018523 -0.000974
 -0.012344 0.004315 0.004258 0.009319 4333.6478 4206998.2994 -17.2992 0.0
 0.0 0.0 0.002222 0.002193 0.0048 0 37.9954978739 -121.2506632901
 -17.30838]
['THAL' 'MIDAS5' 2003.0062 2007.2197 4.2135 1355 770 770 -0.032549
 0.011607 1.7e-05 0.000686 0.000611 0.002006 -3144.1939 4135519.2159
 -2.4979 0.081 0.032 0.066 0.002428 0.002218 0.007153 2 37.3514861939
 -121.9354883653 -2.49787]
